3 0.26796875 0.5671875 0.1765625 0.865625
3 0.359375 0.79609375 0.1296875 0.4078125
3 0.5078125 0.78671875 0.14765625 0.4265625
3 0.6609375 0.78671875 0.15 0.4265625
3 0.13125 0.91640625 0.15625 0.1671875
3 0.09921875 0.79921875 0.14609375 0.4015625
3 0.91328125 0.9703125 0.1734375 0.059375
3 0.96015625 0.78359375 0.0796875 0.3359375
3 0.83984375 0.78046875 0.171875 0.4390625
3 0.8140625 0.38203125 0.1390625 0.3640625
3 0.6765625 0.39609375 0.1140625 0.34453125
3 0.5578125 0.41015625 0.1078125 0.346875
3 0.44921875 0.42421875 0.1015625 0.315625
3 0.3734375 0.4296875 0.04765625 0.30390625
3 0.13046875 0.38828125 0.09375 0.43515625