3 0.696875 0.81171875 0.1953125 0.078125
3 0.6171875 0.92734375 0.20625 0.11328125
3 0.76953125 0.95234375 0.07109375 0.03515625
3 0.84921875 0.94296875 0.06640625 0.0578125
3 0.93984375 0.834375 0.11796875 0.065625
3 0.940625 0.565625 0.11015625 0.0390625
3 0.940625 0.37890625 0.11875 0.0328125
3 0.940625 0.10390625 0.11328125 0.04296875
3 0.73515625 0.14296875 0.0328125 0.00625
3 0.73671875 0.14140625 0.05703125 0.03125
3 0.9375 0.3796875 0.125 0.034375
3 0.940625 0.5671875 0.11640625 0.04765625
3 0.9328125 0.83984375 0.12109375 0.07421875
3 0.6421875 0.68046875 0.05078125 0.03515625
3 0.73984375 0.7015625 0.12578125 0.0265625
3 0.7328125 0.82578125 0.13046875 0.03671875
3 0.62890625 0.79609375 0.04921875 0.0390625
3 0.84453125 0.81875 0.05546875 0.0265625
3 0.8515625 0.71875 0.03125 0.00390625
3 0.8484375 0.70546875 0.07109375 0.03125
3 0.625 0.20625 0.20625 0.0453125
3 0.61484375 0.09765625 0.2078125 0.06796875
3 0.80390625 0.12421875 0.1703125 0.04296875
3 0.35234375 0.4265625 0.07578125 0.0328125
3 0.23203125 0.42421875 0.0375 0.025
3 0.35390625 0.4953125 0.06953125 0.0265625
3 0.35859375 0.6859375 0.06015625 0.03671875
3 0.35625 0.80625 0.05859375 0.0265625
3 0.35390625 0.87109375 0.05390625 0.02890625
3 0.82421875 0.521875 0.10546875 0.03125
3 0.62578125 0.41171875 0.2078125 0.02890625
3 0.621875 0.52109375 0.196875 0.0453125
3 0.475 0.4203125 0.07578125 0.01640625
3 0.4703125 0.49921875 0.06640625 0.0390625
3 0.8140625 0.40703125 0.10703125 0.03125