3 0.134375 0.54375 0.26875 0.64375
3 0.33984375 0.51015625 0.13828125 0.44140625
3 0.44765625 0.49609375 0.0890625 0.3515625
3 0.5125 0.490625 0.05703125 0.2828125
3 0.56171875 0.4828125 0.046875 0.23984375
3 0.59296875 0.4703125 0.02421875 0.18515625
0 0.7046875 0.46875 0.07890625 0.13984375
3 0.93671875 0.54453125 0.1265625 0.671875
3 0.8359375 0.32734375 0.02421875 0.6125
3 0.90234375 0.13046875 0.09765625 0.228125
3 0.97734375 0.1140625 0.0453125 0.228125
3 0.803125 0.45078125 0.03828125 0.25625
3 0.64296875 0.40859375 0.08125 0.2140625
3 0.52890625 0.32890625 0.1296875 0.06875