3 0.60859375 0.65703125 0.228125 0.4328125
0 0.346875 0.65625 0.31171875 0.4671875
3 0.91953125 0.4640625 0.13125 0.67734375
3 0.8015625 0.48359375 0.0890625 0.45703125
3 0.72421875 0.47734375 0.0625 0.4734375
3 0.62890625 0.34609375 0.12578125 0.23046875
3 0.54609375 0.3640625 0.0609375 0.16171875
3 0.45234375 0.3390625 0.140625 0.1796875
3 0.09453125 0.56328125 0.08046875 0.2125
3 0.15078125 0.50859375 0.0890625 0.35390625
3 0.0625 0.515625 0.0765625 0.3359375
3 0.34296875 0.3859375 0.0703125 0.08125
3 0.278125 0.378125 0.05859375 0.08515625
3 0.22109375 0.3734375 0.06640625 0.09140625