3 0.9140625 0.50234375 0.171875 0.95078125
3 0.77109375 0.5171875 0.15546875 0.8890625
3 0.053125 0.32421875 0.10625 0.5234375
3 0.15234375 0.34375 0.1125 0.47109375
3 0.25 0.365625 0.09140625 0.378125
3 0.3234375 0.365625 0.075 0.34921875
3 0.3828125 0.3890625 0.059375 0.30078125
3 0.43828125 0.4078125 0.08203125 0.26796875
3 0.4953125 0.4296875 0.0484375 0.240625
3 0.53125 0.4390625 0.04296875 0.20546875
3 0.565625 0.45703125 0.0234375 0.215625
3 0.59765625 0.45859375 0.0375 0.19921875
3 0.66796875 0.46484375 0.1140625 0.19140625
3 0.1140625 0.784375 0.228125 0.43125
3 0.2609375 0.7578125 0.165625 0.484375
3 0.4390625 0.7515625 0.2453125 0.496875
3 0.578125 0.76484375 0.0859375 0.4546875
3 0.65546875 0.73828125 0.0640625 0.3796875