3 0.07578125 0.30703125 0.10625 0.02734375
3 0.18046875 0.315625 0.10546875 0.02734375
3 0.28828125 0.31484375 0.10625 0.0375
3 0.39609375 0.31015625 0.10625 0.04609375
3 0.50234375 0.54140625 0.13828125 0.05390625
3 0.396875 0.540625 0.103125 0.03125
3 0.29296875 0.540625 0.10546875 0.03125
3 0.1859375 0.54453125 0.10625 0.03125
3 0.084375 0.54609375 0.103125 0.02890625
3 0.7078125 0.59453125 0.1203125 0.06015625
3 0.86328125 0.678125 0.1875 0.08515625
3 0.96796875 0.53359375 0.0640625 0.03359375
3 0.9734375 0.31796875 0.05234375 0.03515625
0 0.6578125 0.39921875 0.1734375 0.37265625