3 0.2140625 0.59296875 0.178125 0.06015625
3 0.38984375 0.31015625 0.11484375 0.05390625
3 0.49921875 0.315625 0.11796875 0.05234375
3 0.6015625 0.32109375 0.10859375 0.04140625
3 0.7078125 0.6 0.12734375 0.075
3 0.86640625 0.68125 0.18984375 0.07109375
3 0.21015625 0.58828125 0.18125 0.07734375
3 0.08046875 0.54921875 0.096875 0.05234375
3 0.4015625 0.534375 0.09609375 0.04765625
3 0.49921875 0.540625 0.115625 0.04765625
3 0.60625 0.53125 0.1078125 0.04140625
3 0.975 0.5296875 0.05 0.053125
3 0.97421875 0.32578125 0.0515625 0.03984375
3 0.075 0.30859375 0.10546875 0.0375
0 0.28984375 0.40546875 0.153125 0.41015625