3 0.18125 0.31171875 0.10625 0.04765625
3 0.33203125 0.60859375 0.14375 0.0625
3 0.1859375 0.53046875 0.09140625 0.06015625
3 0.08671875 0.52421875 0.10078125 0.04765625
3 0.42734375 0.29140625 0.0515625 0.0375
3 0.42421875 0.52265625 0.04921875 0.05390625
3 0.07578125 0.30078125 0.11015625 0.04375
3 0.49921875 0.30859375 0.10390625 0.05390625
3 0.59921875 0.31484375 0.0984375 0.04609375
3 0.703125 0.59375 0.10859375 0.05
3 0.853125 0.67109375 0.17890625 0.08359375
3 0.9671875 0.52109375 0.065625 0.03359375
3 0.965625 0.31015625 0.06875 0.025
3 0.603125 0.528125 0.103125 0.04375
3 0.4984375 0.52734375 0.115625 0.02890625