0 0.428125 0.39921875 0.16484375 0.39375
3 0.3125 0.56015625 0.15703125 0.04609375
3 0.52109375 0.52890625 0.065625 0.03359375
3 0.59765625 0.52421875 0.10390625 0.05234375
3 0.70390625 0.58203125 0.1265625 0.05625
3 0.853125 0.675 0.18125 0.0875
3 0.965625 0.52421875 0.06875 0.0546875
3 0.9640625 0.31875 0.07109375 0.03359375
3 0.5984375 0.315625 0.1125 0.04375
3 0.49609375 0.30703125 0.09921875 0.05625
3 0.17890625 0.30625 0.09921875 0.0375
3 0.07421875 0.29296875 0.1015625 0.04765625
3 0.18359375 0.52578125 0.08671875 0.03125
3 0.0859375 0.52890625 0.10625 0.0375